0.000000 0.481156
1.000000 2.119377
2.000000 1.831936
3.000000 5.349767
4.000000 4.398319
5.000000 9.999421
6.000000 10.167916
7.000000 12.349559
8.000000 12.146002
9.000000 10.927194
10.000000 14.970117
11.000000 14.475855
12.000000 16.895163
13.000000 21.629753
14.000000 21.220737
15.000000 22.055847
16.000000 20.533756
17.000000 24.911635
18.000000 27.379472
19.000000 25.858327
20.000000 29.976515
21.000000 30.029021
22.000000 27.006082
23.000000 32.732550
24.000000 31.509629
25.000000 34.372442
26.000000 35.870233
27.000000 35.759805
28.000000 31.861196
29.000000 41.558073
30.000000 42.801746
31.000000 34.823067
32.000000 40.359273
33.000000 39.967632
34.000000 49.405354
35.000000 48.497329
36.000000 43.931309
37.000000 42.931991
38.000000 44.956361
39.000000 48.230045
40.000000 55.069661
41.000000 52.430381
42.000000 49.059604
43.000000 51.190403
44.000000 50.229917
45.000000 56.502183
46.000000 53.308327
47.000000 58.301749
48.000000 56.658898
49.000000 55.614194
50.000000 54.872290
51.000000 58.894595
52.000000 58.076830
53.000000 58.058555
54.000000 60.760502
55.000000 60.054863
56.000000 59.169846
57.000000 60.087050
58.000000 61.702198
59.000000 65.615969
60.000000 62.510416
61.000000 63.466265
62.000000 62.449400
63.000000 67.530771
64.000000 63.848963
65.000000 64.762705
66.000000 64.538425
67.000000 65.973895
68.000000 70.740553
69.000000 71.466186
70.000000 68.629784
71.000000 69.713216
72.000000 74.162941
73.000000 71.015258
74.000000 70.392264
75.000000 73.564207
76.000000 72.332916
77.000000 74.041053
78.000000 69.629724
79.000000 71.226882
80.000000 71.699180
81.000000 71.048607
82.000000 74.432240
83.000000 75.973389
84.000000 77.868779
85.000000 72.819504
86.000000 75.204739
87.000000 74.589718
88.000000 74.669292
89.000000 73.469044
90.000000 78.266350
91.000000 77.369328
92.000000 81.446431
93.000000 81.665919
94.000000 82.892266
95.000000 75.044314
96.000000 76.882950
97.000000 80.770096
98.000000 79.217851
99.000000 82.092222
100.000000 79.004617
101.000000 81.979434
102.000000 81.293691
103.000000 83.887729
104.000000 80.671196
105.000000 83.466314
106.000000 87.301481
107.000000 82.611556
108.000000 83.093960
109.000000 83.250242
110.000000 83.305185
111.000000 83.066594
112.000000 84.533010
113.000000 87.428191
114.000000 85.264005
115.000000 85.997256
116.000000 83.956069
117.000000 85.411186
118.000000 86.567110
119.000000 88.781429
120.000000 88.425208
121.000000 85.596251
122.000000 86.447144
123.000000 88.510483
124.000000 88.880893
125.000000 91.050549
126.000000 86.207671
127.000000 89.114994
128.000000 91.856047
129.000000 90.565890
130.000000 89.378544
131.000000 89.119686
132.000000 88.148674
133.000000 87.621366
134.000000 86.066465
135.000000 88.988951
136.000000 90.607765
137.000000 89.931953
138.000000 90.612932
139.000000 89.373267
140.000000 89.148435
141.000000 90.639043
142.000000 86.544840
143.000000 89.119479
144.000000 90.795997
145.000000 91.413666
146.000000 90.853531
147.000000 86.714134
148.000000 86.113952
149.000000 85.846783
150.000000 91.054844
151.000000 90.500090
152.000000 93.205970
153.000000 90.648032
154.000000 92.980569
155.000000 94.168750
156.000000 95.632192
157.000000 93.940705
158.000000 93.342012
159.000000 95.681639
160.000000 94.671437
161.000000 94.535200
162.000000 93.876828
163.000000 93.688163
164.000000 92.716059
165.000000 92.632450
166.000000 96.641302
167.000000 95.468611
168.000000 92.956093
169.000000 94.358117
170.000000 92.610961
171.000000 96.008388
172.000000 95.401424
173.000000 94.780276
174.000000 93.606840
175.000000 93.654582
176.000000 94.684984
177.000000 95.838127
178.000000 97.152896
179.000000 94.545687
180.000000 95.184515
181.000000 95.447367
182.000000 97.180054
183.000000 97.566195
184.000000 96.080722
185.000000 98.362505
186.000000 97.320602
187.000000 98.146986
188.000000 95.351178
189.000000 94.778413
190.000000 92.852364
191.000000 97.010536
192.000000 97.736797
193.000000 94.201573
194.000000 94.698608
195.000000 97.439530
196.000000 96.308541
197.000000 95.659727
198.000000 94.652448
199.000000 94.444200
200.000000 100.480702
201.000000 97.713965
202.000000 98.070701
203.000000 98.147767
204.000000 96.919351
205.000000 98.264312
206.000000 95.869413
207.000000 97.642978
208.000000 93.516787
209.000000 95.162481
210.000000 98.282460
211.000000 97.001933
212.000000 94.995158
213.000000 97.816264
214.000000 98.285831
215.000000 93.977612
216.000000 93.297584
217.000000 98.595655
218.000000 96.472862
219.000000 96.259831
220.000000 95.057033
221.000000 99.739202
222.000000 97.138867
223.000000 96.221576
224.000000 98.806252
225.000000 97.685317
226.000000 96.453000
227.000000 94.115071
228.000000 98.397194
229.000000 100.690856
230.000000 98.353076
231.000000 100.547104
232.000000 99.702544
233.000000 98.417958
234.000000 99.019198
235.000000 95.368223
236.000000 96.560223
237.000000 96.910681
238.000000 99.724148
239.000000 99.414360
240.000000 97.061029
241.000000 95.540857
242.000000 95.129755
243.000000 99.371932
244.000000 94.757866
245.000000 97.809069
246.000000 98.680739
247.000000 96.551429
248.000000 99.896284
249.000000 98.711933
250.000000 98.221158
251.000000 101.175395
252.000000 96.627848
253.000000 100.386258
254.000000 96.682549
255.000000 100.593670
256.000000 99.345653
257.000000 99.371910
258.000000 96.892603
259.000000 95.997979
260.000000 97.947533
261.000000 101.076455
262.000000 95.993129
263.000000 96.947491
264.000000 99.211861
265.000000 97.125159
266.000000 98.613021
267.000000 97.218269
268.000000 92.617963
269.000000 99.886541
270.000000 100.867172
271.000000 99.486978
272.000000 98.882803
273.000000 98.348568
274.000000 97.848686
275.000000 96.103993
276.000000 96.688242
277.000000 100.047428
278.000000 97.743589
279.000000 97.549118
280.000000 100.206868
281.000000 98.313965
282.000000 98.094744
283.000000 97.073086
284.000000 101.389417
285.000000 101.768155
286.000000 101.543978
287.000000 101.289693
288.000000 99.541952
289.000000 101.343216
290.000000 99.560652
291.000000 97.842055
292.000000 97.289580
293.000000 99.256924
294.000000 98.336091
295.000000 100.857708
296.000000 98.553838
297.000000 98.980277
298.000000 98.457718
299.000000 97.046686
